2 0.966796875 0.328125 0.0625 0.04296875
2 0.146484375 0.34765625 0.26171875 0.080078125
2 0.9375 0.375 0.119140625 0.044921875
2 0.455078125 0.40625 0.119140625 0.083984375
2 0.17578125 0.431640625 0.224609375 0.107421875
2 0.876953125 0.490234375 0.17578125 0.166015625
2 0.4453125 0.513671875 0.1953125 0.072265625
2 0.6796875 0.513671875 0.171875 0.181640625
2 0.111328125 0.5546875 0.1796875 0.072265625
2 0.341796875 0.595703125 0.119140625 0.1328125
2 0.56640625 0.607421875 0.1796875 0.0546875
2 0.888671875 0.6640625 0.216796875 0.107421875
2 0.576171875 0.697265625 0.37109375 0.099609375
2 0.2578125 0.69921875 0.189453125 0.0703125
2 0.154296875 0.755859375 0.14453125 0.060546875
2 0.49609375 0.80078125 0.2578125 0.076171875
2 0.759765625 0.875 0.23828125 0.203125