2 0.052734375 0.4453125 0.04296875 0.109375
2 0.791015625 0.46484375 0.0703125 0.111328125
2 0.8671875 0.494140625 0.05078125 0.130859375
2 0.919921875 0.513671875 0.048828125 0.123046875
2 0.1796875 0.529296875 0.048828125 0.0703125
2 0.80078125 0.552734375 0.158203125 0.091796875
2 0.49609375 0.568359375 0.068359375 0.0390625
2 0.099609375 0.572265625 0.0703125 0.126953125
2 0.556640625 0.6015625 0.095703125 0.03125
2 0.029296875 0.60546875 0.033203125 0.107421875
2 0.611328125 0.646484375 0.1015625 0.0625
2 0.21875 0.654296875 0.091796875 0.1171875
2 0.474609375 0.693359375 0.091796875 0.078125
2 0.9453125 0.69921875 0.1015625 0.04296875
2 0.140625 0.712890625 0.068359375 0.123046875
2 0.837890625 0.71484375 0.072265625 0.076171875
2 0.701171875 0.724609375 0.072265625 0.068359375
2 0.564453125 0.740234375 0.138671875 0.0390625
2 0.0546875 0.775390625 0.076171875 0.1328125
2 0.8359375 0.806640625 0.087890625 0.1171875
2 0.611328125 0.81640625 0.12890625 0.060546875
2 0.701171875 0.8203125 0.044921875 0.109375
2 0.19921875 0.826171875 0.12890625 0.060546875
2 0.48046875 0.880859375 0.10546875 0.080078125
2 0.7421875 0.890625 0.171875 0.068359375
2 0.056640625 0.9140625 0.11328125 0.146484375
2 0.322265625 0.916015625 0.08203125 0.142578125
2 0.609375 0.9453125 0.068359375 0.072265625
2 0.208984375 0.951171875 0.1484375 0.0859375