0 0.71875 0.470703125 0.09765625 0.146484375
0 0.068359375 0.501953125 0.07421875 0.09375
0 0.1875 0.5234375 0.0703125 0.115234375
0 0.296875 0.5390625 0.080078125 0.099609375
0 0.56640625 0.5625 0.060546875 0.041015625
0 0.884765625 0.572265625 0.13671875 0.1328125
0 0.353515625 0.576171875 0.080078125 0.123046875
0 0.4296875 0.599609375 0.0703125 0.126953125
0 0.48828125 0.607421875 0.056640625 0.052734375
0 0.65625 0.609375 0.060546875 0.0625
0 0.716796875 0.650390625 0.056640625 0.0625
0 0.55078125 0.666015625 0.064453125 0.091796875
0 0.0625 0.669921875 0.056640625 0.0703125
0 0.34765625 0.689453125 0.064453125 0.103515625
0 0.20703125 0.69140625 0.0625 0.1171875
0 0.109375 0.701171875 0.046875 0.103515625
0 0.513671875 0.708984375 0.96875 0.525390625
0 0.8671875 0.720703125 0.111328125 0.091796875
0 0.9453125 0.724609375 0.09765625 0.080078125
0 0.478515625 0.734375 0.046875 0.068359375
0 0.65234375 0.75390625 0.080078125 0.0703125
0 0.26171875 0.77734375 0.150390625 0.123046875
0 0.755859375 0.78515625 0.107421875 0.080078125
0 0.75 0.794921875 0.169921875 0.115234375
0 0.5 0.80078125 0.087890625 0.0546875
0 0.42578125 0.818359375 0.14453125 0.091796875
0 0.896484375 0.82421875 0.140625 0.111328125
0 0.8359375 0.84375 0.18359375 0.166015625
0 0.609375 0.853515625 0.126953125 0.044921875
0 0.296875 0.896484375 0.099609375 0.1328125
0 0.59765625 0.9296875 0.1796875 0.072265625
0 0.91015625 0.943359375 0.103515625 0.107421875