2 0.09765625 0.37890625 0.064453125 0.123046875
2 0.80859375 0.400390625 0.1796875 0.150390625
2 0.24609375 0.49609375 0.12890625 0.1328125
2 0.6015625 0.517578125 0.16796875 0.1171875
2 0.095703125 0.517578125 0.1484375 0.076171875
2 0.953125 0.544921875 0.087890625 0.025390625
2 0.814453125 0.599609375 0.138671875 0.115234375
2 0.16796875 0.623046875 0.10546875 0.09375
2 0.083984375 0.638671875 0.046875 0.056640625
2 0.322265625 0.638671875 0.12109375 0.029296875
2 0.029296875 0.642578125 0.05078125 0.056640625
2 0.583984375 0.693359375 0.26171875 0.109375
2 0.365234375 0.708984375 0.12109375 0.0546875
2 0.201171875 0.71484375 0.15234375 0.080078125
2 0.330078125 0.794921875 0.056640625 0.111328125
2 0.138671875 0.81640625 0.232421875 0.0703125
2 0.787109375 0.818359375 0.21484375 0.109375
2 0.474609375 0.818359375 0.1484375 0.0859375
2 0.05078125 0.875 0.1015625 0.029296875