0 0.486328125 0.388671875 0.107421875 0.09375
0 0.05859375 0.404296875 0.0546875 0.0859375
0 0.130859375 0.427734375 0.0703125 0.099609375
0 0.205078125 0.455078125 0.07421875 0.078125
0 0.650390625 0.470703125 0.123046875 0.078125
0 0.283203125 0.474609375 0.05078125 0.115234375
0 0.33984375 0.4921875 0.0703125 0.078125
0 0.54296875 0.494140625 0.087890625 0.072265625
0 0.07421875 0.5234375 0.060546875 0.072265625
0 0.171875 0.525390625 0.06640625 0.048828125
0 0.02734375 0.529296875 0.0546875 0.080078125
0 0.55078125 0.552734375 0.083984375 0.033203125
0 0.60546875 0.583984375 0.0625 0.080078125
0 0.302734375 0.5859375 0.14453125 0.041015625
0 0.693359375 0.6015625 0.083984375 0.0625
0 0.49609375 0.60546875 0.931640625 0.5546875
0 0.291015625 0.611328125 0.1875 0.048828125
0 0.775390625 0.61328125 0.0625 0.033203125
0 0.46484375 0.623046875 0.09375 0.109375
0 0.828125 0.642578125 0.060546875 0.056640625
0 0.537109375 0.650390625 0.046875 0.087890625
0 0.599609375 0.66796875 0.0625 0.076171875
0 0.890625 0.67578125 0.07421875 0.0546875
0 0.666015625 0.6796875 0.107421875 0.078125
0 0.15234375 0.697265625 0.056640625 0.083984375
0 0.296875 0.701171875 0.126953125 0.056640625
0 0.75 0.728515625 0.083984375 0.109375
0 0.25 0.732421875 0.126953125 0.068359375
0 0.55078125 0.734375 0.150390625 0.09375
0 0.953125 0.736328125 0.0546875 0.080078125
0 0.828125 0.791015625 0.107421875 0.111328125
0 0.1796875 0.794921875 0.08984375 0.0859375
0 0.115234375 0.814453125 0.06640625 0.080078125
0 0.912109375 0.83984375 0.0703125 0.0859375
0 0.9609375 0.8828125 0.07421875 0.08203125