2 0.966796875 0.4609375 0.060546875 0.19140625
2 0.876953125 0.50390625 0.111328125 0.220703125
2 0.62109375 0.548828125 0.091796875 0.109375
2 0.765625 0.556640625 0.087890625 0.185546875
2 0.685546875 0.572265625 0.05078125 0.158203125
2 0.40234375 0.607421875 0.080078125 0.162109375
2 0.046875 0.642578125 0.08203125 0.259765625
2 0.140625 0.666015625 0.05859375 0.193359375
2 0.4921875 0.669921875 0.064453125 0.205078125
2 0.591796875 0.703125 0.052734375 0.177734375
2 0.685546875 0.732421875 0.078125 0.1484375
2 0.21875 0.822265625 0.328125 0.060546875
2 0.9375 0.845703125 0.111328125 0.212890625
2 0.802734375 0.87109375 0.099609375 0.255859375
2 0.685546875 0.904296875 0.095703125 0.177734375
2 0.33203125 0.927734375 0.1171875 0.13671875
2 0.513671875 0.943359375 0.22265625 0.10546875
2 0.19921875 0.953125 0.11328125 0.091796875
2 0.064453125 0.962890625 0.12109375 0.06640625