2 0.353515625 0.3671875 0.1328125 0.087890625
2 0.220703125 0.423828125 0.103515625 0.189453125
2 0.3515625 0.48828125 0.14453125 0.1484375
2 0.927734375 0.51953125 0.138671875 0.16015625
2 0.75390625 0.533203125 0.15625 0.0390625
2 0.0859375 0.5703125 0.138671875 0.140625
2 0.615234375 0.591796875 0.138671875 0.0546875
2 0.77734375 0.638671875 0.1484375 0.09375
2 0.2421875 0.65625 0.119140625 0.140625
2 0.96875 0.685546875 0.056640625 0.044921875
2 0.42578125 0.728515625 0.185546875 0.25
2 0.84375 0.748046875 0.17578125 0.115234375
2 0.931640625 0.8359375 0.130859375 0.060546875
2 0.150390625 0.8828125 0.267578125 0.130859375
2 0.390625 0.921875 0.162109375 0.150390625
2 0.578125 0.919921875 0.140625 0.15234375
2 0.8203125 0.935546875 0.263671875 0.126953125