2 0.095703125 0.365234375 0.109375 0.119140625
2 0.86328125 0.400390625 0.03125 0.1015625
2 0.791015625 0.400390625 0.080078125 0.171875
2 0.67578125 0.455078125 0.083984375 0.103515625
2 0.109375 0.490234375 0.1953125 0.107421875
2 0.564453125 0.5078125 0.16796875 0.083984375
2 0.2578125 0.509765625 0.076171875 0.150390625
2 0.951171875 0.546875 0.091796875 0.033203125
2 0.69921875 0.59765625 0.1328125 0.0859375
2 0.8359375 0.599609375 0.068359375 0.1171875
2 0.138671875 0.623046875 0.08203125 0.158203125
2 0.76953125 0.650390625 0.115234375 0.021484375
2 0.07421875 0.654296875 0.068359375 0.083984375
2 0.451171875 0.669921875 0.025390625 0.080078125
2 0.36328125 0.681640625 0.11328125 0.095703125
2 0.583984375 0.697265625 0.1953125 0.103515625
2 0.244140625 0.759765625 0.078125 0.1328125
2 0.677734375 0.798828125 0.08203125 0.083984375
2 0.080078125 0.814453125 0.12890625 0.109375
2 0.49609375 0.8203125 0.068359375 0.0625
2 0.37890625 0.841796875 0.138671875 0.068359375
2 0.822265625 0.841796875 0.115234375 0.103515625