2 0.826171875 0.267578125 0.19140625 0.154296875
2 0.96484375 0.298828125 0.048828125 0.125
2 0.755859375 0.361328125 0.181640625 0.125
2 0.0859375 0.384765625 0.12890625 0.091796875
2 0.296875 0.431640625 0.083984375 0.052734375
2 0.955078125 0.447265625 0.08203125 0.103515625
2 0.5859375 0.478515625 0.078125 0.029296875
2 0.05078125 0.505859375 0.068359375 0.091796875
2 0.18359375 0.509765625 0.1875 0.080078125
2 0.685546875 0.513671875 0.05078125 0.0625
2 0.9375 0.552734375 0.119140625 0.150390625
2 0.787109375 0.564453125 0.119140625 0.080078125
2 0.291015625 0.59375 0.123046875 0.09375
2 0.666015625 0.626953125 0.1328125 0.115234375
2 0.80078125 0.666015625 0.1015625 0.056640625
2 0.09375 0.681640625 0.142578125 0.0546875
2 0.833984375 0.748046875 0.328125 0.095703125
2 0.546875 0.75 0.142578125 0.072265625
2 0.19140625 0.779296875 0.095703125 0.056640625
2 0.384765625 0.79296875 0.16796875 0.060546875
2 0.015625 0.82421875 0.03125 0.263671875
2 0.8671875 0.8515625 0.26171875 0.099609375
2 0.41015625 0.869140625 0.171875 0.048828125
2 0.298828125 0.931640625 0.244140625 0.068359375
2 0.625 0.955078125 0.251953125 0.0859375
2 0.939453125 0.953125 0.1171875 0.08984375