2 0.837890625 0.44140625 0.1171875 0.1484375
2 0.92578125 0.46484375 0.056640625 0.1640625
2 0.78125 0.5390625 0.158203125 0.119140625
2 0.0234375 0.548828125 0.03125 0.115234375
2 0.48828125 0.55078125 0.111328125 0.076171875
2 0.203125 0.5625 0.041015625 0.03125
2 0.57421875 0.587890625 0.05078125 0.052734375
2 0.12890625 0.626953125 0.087890625 0.111328125
2 0.623046875 0.662109375 0.14453125 0.09375
2 0.4921875 0.669921875 0.060546875 0.068359375
2 0.96484375 0.689453125 0.046875 0.048828125
2 0.02734375 0.703125 0.046875 0.130859375
2 0.830078125 0.759765625 0.1953125 0.1953125
2 0.681640625 0.765625 0.0234375 0.041015625
2 0.21875 0.794921875 0.17578125 0.025390625
2 0.34375 0.841796875 0.068359375 0.056640625
2 0.546875 0.87109375 0.3046875 0.126953125
2 0.240234375 0.892578125 0.068359375 0.076171875
2 0.740234375 0.93359375 0.080078125 0.033203125
2 0.09765625 0.951171875 0.125 0.064453125
2 0.5625 0.974609375 0.150390625 0.021484375